64.75277067348678
64.75277067348678
64.75063938618925
64.75063938618925
64.89556692242114
65.04049445865303
64.60571184995737
64.4607843137255
63.87468030690538
64.60571184995737
63.58695652173915
63.73401534526856
61.69437340153453
62.85805626598467
59.345694799659
61.39173060528559
57.284739982949716
60.36018755328219
56.69863597612957
59.330775788576304
53.467604433077575
54.63981244671781
49.503410059676035
51.25745950554135
47.58312020460359
50.08738277919864
46.56862745098039
48.32267689684569
45.39855072463768
46.86487638533674
